ES-5176-Propiedad

5176
5206
5223
5241
5258
5276
5290
5360
5374
5387
5398
5404
5442
5591
5640
5734
5759
5884
5952
5979
5991
6114
6139
6146
6295
6357
6526
6567
6577
6632
6736
6751
7065
7215
7248
7316
7386
7543
7737
7902
8040
8043
8253
8292
8895
9350
9382
9400
9615
9669
9976
10176
10207
21458
21440
21544
23801
23779
23615
23608
22148
22129
22121
23738
23735
23814
23928
23170
23121
24546
23721
23576
23372
23364
22910
22723
22353
22776
21250
21207
21333
22406
22436
22511
22533
22565
22570
22840
22644
22609
22465
22591
22668
22629
9400
9382
9350






